        (R,G,B) (R,G,B)     (R,  G,  B)     (R,  G,  B)  
2       eee4da  776e65      238 228 218     119 110 101
4       ece0c8  786f66      236 224 200     120 111 102

8       f2b179  ffffff      242 177 121     255 255 255
16      f59563  ffffff      245 149 99      255 255 255
32      f57c5f  ffffff      245 124 95      255 255 255
64      f65d3b  ffffff      246 93  59      255 255 255
128     edce71  ffffff      237 206 113     255 255 255
256     ecce60  ffffff      236 206 96      255 255 255
512     ecc850  ffffff      236 200 80      255 255 255
1024    edc53f  ffffff      237 197 63      255 255 255
2048    efc130  ffffff      239 193 48      255 255 255
4096    adb778  ffffff      173 183 120     255 255 255
8192    aab767  ffffff      170 183 103     255 255 255
16384   a4b74e  ffffff      164 183 78      255 255 255
32768   a2b740  ffffff      162 183 64      255 255 255
65536   a2b740  ffffff      162 183 64      255 255 255
